100
7742461
8237213
928009
1264969
10
3023326
13
9999991
2295773
3323191
6865010
6987083
9010879
2872729
9999999
5001361
8460583
4751053
1507483
9999163
8248729
9999995
7762723
9516811
140839
11
4461643
390548
983469
1750607
4461642
2610613
8291470
2044523
5094841
6704676
2896297
7551991
1862603
3877633
9682616
9999973
8697851
3410821
9999930
1
9325574
592432
6537523
6
1221469
1481717
2360890
6697461
3191803
3855409
12
9999971
6513281
8
559513
1403870
3
1144
9999931
7783893
8873129
5388168
5462959
8603593
5331653
4170220
9987391
7203246
9999996
3132736
1281246
9971849
3702389
4
9999929
7
3949061
3929879
3910981
4461641
615403
4936439
5
2
10000000
86293
8763892
9999998
9999972
9309119
9
9999161
9999162
9999997
